48086
34930
69183
63061
87908
96222
53621
48086
20622
11766
19507
33054
96879
76641
66380
70224
12846
24335
11774
57198
57031
58244
39233
57139
31175
68793
98617
98409
49199
33343
62695
31524
52968
78866
44471
92757
98409
26529
19767
28327
51124
30769
38420
27077
49634
86173
70681
77448
68078
11420
52799
18865
14451
81629
65959
44935
17048
63037
17930
43046
50323
36926
35501
49155
87913
67881
75693
53621
75898
78193
72664
75012
82133
96958
62301
55809
52069
18865
59381
90572
46788
95926
39233
40232
85776
48505
59594
96042
62695
64868
29134
96879
44280
53621
20622
38143
93236
77641
70832
52069
41926
34282
73228
59042
59594
20622
85362
58244
52074
45493
52099
30481
34507
69308
89121
20622
81863
96879
20803
57031
31524
81758
53621
11654
55708
67981
54382
59594
62695
54382
50323
17517
54382
98409
15951
89121
48014
73118
29398
84571
50323
98409
48086
37242
43046
64394
98409
59594
70588
60692
30470
59594
84393
75833
18865
72754
89327
42757
22438
27009
36146
29134
37209
89603
16038
38324
75210
46215
78130
32249
81278
50340
64868
54382
90102
51352
15951
15951
18865
65630
63961
13439
58376
50323
53621
30481
34573
21887
17350
31524
39233
73683
18865
30481
89447
69183
66142
31524
52639
59208
17762
54382
93285
11420
15951
58244
50297
72452
76429
36516
59594
13399
89945
42762
13399
70681
49329
54530
98409
25793
93771
20622
62352
92452
78193
97941
48086
48086
86471
51785
93563
85133
38284
23577
48086
75355
52069
64929
15951
33020
20622
18353
90002
19287
67881
18865
39121
91282
85776
67495
95531
37542
95734
10033
18865
75493
42933
31524
69463
40663
58244
18865
52069
54382
33145
74160
70681
22306
25503
29807
36926
11400
83188
91321
13439
96879
76077
95578
33499
98790
19497
31524
93427
81210
59202
98303
67448
23334
82488
49777
69183
78193
98199
69183
36346
43046
75087
62893
92891
73450
78193
34907
98409
17517
43974
64011
20258
59594
66058
50220
31524
38603
59594
98303
52069
15951
80030
15951
72878
54382
98409
10812
40519
85794
29333
95424
97635
18626
97643
28641
62326
72380
23132
15951
17517
94990
78709
11954
74940
98409
88339
31524
10919
53621
27216
48086
41472
13439
96879
84381
30293
11420
69183
64187
30481
66657
85776
93445
29134
98303
67372
16525
70681
89676
45165
13419
33954
13399
65042
77524
13032
39982
37777
75222
66142
53621
27055
93663
24425
20622
11420
76060
70473
96879
54382
83667
27108
32349
13439
11420
70681
75250
47770
68650
73611
61463
42759
64868
82870
79358
78193
48086
24117
17111
66142
73936
96879
60064
30122
48527
64868
50538
73026
40951
16069
36182
13717
71550
48086
39233
96329
50323
85776
10062
53621
98952
93754
98442
30148
93955
26287
82959
47244
47394
47341
46164
57965
35175
66427
94891
44280
59594
42646
96679
98409
38466
66142
66990
52069
28084
54930
32950
45796
62099
15951
52069
54080
62695
75521
45721
98303
69450
98294
85776
89121
65914
43809
98303
66433
91503
18889
91504
33258
70681
12197
20243
58244
62695
14591
93466
22559
32023
96879
99283
56050
44825
89297
73032
24749
72795
27403
20622
48086
58244
57031
62695
85776
85776
59594
20622
39233
15951
98303
75432
73020
53621
79286
98303
18865
18865
58244
55118
19917
45747
64511
42004
31524
20622
36346
26413
41237
30398
36926
83228
58503
37808
52462
22108
54382
92741
26363
96879
57089
20622
57163
70681
36926
78721
91763
84268
93116
25006
67881
37918
60554
61543
14960
13439
57747
58272
15661
32990
96879
69183
86433
76650
62567
58244
64868
68815
84016
23115
48086
46883
74850
78193
54605
75163
62695
85776
69183
44534
70312
48502
70681
59594
62739
36346
13685
18865
93238
57031
77575
64868
94031
98409
59639
15771
12243
97473
54382
28233
39233
66142
70681
50323
13399
89121
57826
18865
15951
36926
20622
58734
32786
31524
15178
54171
35575
35025
13399
85776
96879
57031
75319
37439
72230
96257
10761
89121
44023
64868
68365
53621
13439
54919
25744
66521
62695
32777
39630
62695
59594
99354
50030
98409
30520
14824
54172
64190
18923
41820
20332
70681
57031
82761
66142
85776
64868
89121
20622
70270
58554
99885
82807
62823
54382
57461
49281
48086
76149
70681
45466
44225
79912
18865
19055
88458
53164
71358
32761
76013
52069
98303
92356
51873
42909
58244
20622
31524
26365
83105
62695
21673
18865
60190
98303
56062
11420
67511
14271
52757
59594
69183
18683
13399
35859
66142
53338
15951
30575
20989
85370
26689
58244
48086
96879
89165
74953
69183
27351
79995
53621
12526
71081
48086
98282
85776
41575
37578
72261
95531
44045
67881
80385
42304
18865
48086
20148
53621
98409
67881
31222
70681
70681
18865
38371
15556
10464
92679
53621
49146
89893
78113
75153
17646
30481
85327
32122
85312
64868
11420
50323
86202
39233
13439
24728
35203
56136
73651
59594
42633
92794
34677
28294
64868
64382
28298
66142
91877
27299
19931
72834
41686
52069
83087
88748
44280
77528
81353
47262
85776
62695
59594
46658
58244
36346
97944
89997
90073
90144
29331
20173
59594
89213
10612
62695
59594
98409
62695
97619
28072
13399
81410
64868
80320
53621
93147
54902
63592
12779
83996
50585
69975
31524
84465
62695
16454
69183
39233
67176
91015
53335
68722
43046
66142
89121
17440
21713
44735
48207
18865
82701
17083
35213
26817
94396
48396
20622
67881
63716
62400
81859
80231
70681
95927
98409
52495
13399
62695
37037
62695
99383
98303
58244
41685
84262
11810
89121
29134
80221
43046
13399
10345
69040
66142
13399
52069
52069
18865
48194
28445
52070
52069
52069
87617
20174
36346
58551
57031
26780
20622
15430
65924
42911
52069
39233
58432
10485
22142
23118
91441
16132
89121
64499
36926
38714
44545
48086
52069
94693
45433
59594
96879
64001
44065
88105
41090
64349
40615
84918
62695
63436
37178
31524
83509
26952
46034
13399
18865
68035
36926
67097
43901
15951
15951
54208
14327
59594
66142
71778
29196
68714
27093
83161
51031
70681
16321
62619
89121
36480
41710
39233
61232
43227
70681
68721
81035
81549
95531
12428
44280
13439
98303
13399
69183
50286
52803
21603
85776
87131
84237
86471
74358
54382
52601
98303
18223
13439
14395
80564
28415
11420
70313
59594
20243
15951
91705
92921
42304
71398
18580
87499
96879
87470
26034
54382
95972
56267
83482
98303
48432
20622
54382
22755
96311
15951
70999
20622
56430