37033
80098
88073
54342
98409
81400
42062
55208
10847
53237
12609
31524
83455
53344
94982
69183
35580
87598
82193
69512
59322
68842
44042
16249
85264
10891
40085
91566
87478
39821
74610
68536
68470
49918
22935
76024
65243
93508
89938
74104
95395
57361
17053
89386
66052
31107
20356
32859
61081
66997
47491
52909
98231
78232
13844
42821
42441
43148
64953
94799
36346
62122
12807
62695
70681
44566
84508
53457
81188
18550
78314
28118
55363
55936
71769
64882
22070
80402
87887
19262
85007
36926
19398
38479
32794
82010
44551
52215
47295
23560
41516
78567
56100
37923
23366
88384
32427
28815
64098
63820
65685
77989
19213
90916
34392
53405
61530
67067
15915
84869
16808
83066
60279
18216
43386
48876
81226
13439
33538
57046
97890
49650
83353
97124
42320
15216
41159
23511
69428
75545
40455
14796
64841
45297
85055
54382
75123
77380
89593
65102
29684
78501
22658
69048
78675
42018
20090
73590
77407
54617
31801
94282
23846
80158
41973
10733
21476
53199
57875
80198
78998
46245
50181
65481
11531
33594
57846
92753
16725
67071
58481
79423
97039
87562
43046
39144
59594
84863
17517
49574
32557
46236
97729
71110
96590
94510
71029
86457
28954
35852
93863
47572
97380
30754
60704
92001
32801
81487
18073
35906
43812
98364
63099
23874
23929
63965
13509
67586
38100
57896
31621
68378
98229
37332
39317
29751
23350
94426
51125
13568
40634
76318
56797
77125
92723
52702
71042
75241
82106
43549
57031
45097
39233
44072
78219
10218
34441
27486
94555
36126
50417
97392
59162
43315
28705
29116
54164
41481
81138
85885
96203
11050
12902
23499
86109
13588
11234
58393
74806
81423
56077
55377
19426
46626
37701
57512
27195
14778
24054
23289
37933
61780
50323
33579
63956
99407
91416
88001
62066
24116
47745
64915
15961
68594
34351
40327
72705
12525
43151
35068
68599
94043
13678
81582
73934
55739
85642
91889
67778
35695
55718
63959
38017
66723
74248
88967
83130
99204
70476
61286
48510
79991
19872
87662
19340
43964
90112
43191
98554
21344
19604
33237
51468
38791
74239
66680
24080
90972
87429
91221
72127
24113
81008
99596
33037
90429
95722
44529
40869
85270
61916
94503
57636
34500
67881
93866
95505
60258
73971
78155
52246
42752
91033
91316
99667
26343
47584
88747
48170
82355
72601
59362
23719
73439
41361
91378
23936
98014
15650
64527
57963
24657
71342
48315
54519
76974
85608
20837
54927
13139
15005
84490
89171
17832
18470
45260
17276
52681
61355
47525
36905
59209
95591
14642
40203
52858
48675
98405
80951
53621
25327
87475
51819
27015
98465
72427
71733
89121
22901
10856
36754
50122
52355
40825
80386
83603
58594
31497
40053
38188
18994
79861
23321
61404
95531
34909
23995
13871
54796
35319
64282
83133
56071
67009
92507
85776
30709
59236
20724
33428
11751
36923
76810
35667
42268
57684
40804
76968
99714
57148
16707
16915
18508
84647
24717
97165
88312
44527
13285
15532
83771
69300
33929
63656
58244
98243
79896
61035
66387
35297
60092
93026
73054
64475
54041
23521
91854
95611
70144
46105
13551
98318
72900
17675
21850
50581
49017
26268
76642
57925
63723
32025
15951
85672
24553
49464
67767
58337
74953
69307
54291
52996
65777
66534
23911
35599
80629
59328
88093
25517
19457
12955
90990
45463
77714
56882
25038
85217
99959
79460
86151
48086
31177
15315
73930
31633
25732
72722
21950
32065
45641
97024
44240
59276
42165
72746
70771
38232
71104
93422
82725
38739
93983
66261
45318
29927
75323
76535
95437
70363
79957
67064
20092
12567
52045
56000
72348
68077
51346
90427
55238
63141
44187
73242
37067
22831
33348
36004
69742
97982
81147
30121
89460
65414
41797
97715
11895
53566
88592
44867
38494
90302
29959
14477
95081
80618
31630
11480
57197
69484
15324
85375
70310
29134
17677
10533
32670
65046
27250
50565
10750
86359
17412
56284
24630
51890
62891
90991
18599
18865
26344
18002
61277
37141
86471
55111
41036
57319
44621
63452
64428
94409
97533
44422
82027
12954
47142
85528
81778
67727
66391
24686
81899
23924
28401
25839
80138
54999
93520
75113
60779
10355
32709
54938
49081
59825
38481
17642
93320
86185
90785
78441
15058
13159
71048
18657
25375
86493
68185
36666
57255
69221
13455
44124
12571
22123
41374
14066
42576
54786
48734
72366
38118
28516
84839
33967
39686
97775
97891
95436
40160
45663
73959
83007
34716
42940
30448
54016
98158
76233
71248
33181
73295
42588
28020
65760
51626
23978
26564
34634
47149
28625
78780
98473
66142
37914
91597
42550
79970
73019
21908
96153
58843
91807
92395
21579
79524
34060
27571
62300
88423
66840
39956
77892
10204
55417
34672
40908
97799
25065
62503
96437
74378
61972
89255
80855
54885
64050
21358
25723
95201
61421
86050
93226
42266
11881
69987
71028
24743
48190
45256
19567
89596
49101
68965
50874
17159
50369
78343
55351
48074
11532
82644
95771
59150
38484
48890
68966
51394
69899
20622
47091
81236
78009
48131
34760
54872
99903
75164
98303
89179
93330
64653
75680
28615
24345
79606
48948
98505
56392
76055
82417
62098
17254
48731
91622
96177
52069
13399
32967
80796
77193
55904
84250
53217
10500
67277
72249
65047
17107
76194
27559
79679
61580
65266
88473
79876
65441
80352
82496
52114
51220
50000
42335
53404
99871
32080
31786
92788
56249
61367
62686
96072
20243
12117
19815
79102
44142
69916
55931
31342
39653
77941
11114
52176
57866
16866
58810
30481
47222
44280
14384
87330
36889
87970
53739
40509
87526
34019
66761
82984
83300
31073
38528
42647
78499
65835
11888
16021
77506
37718
30087
11104
16603
32201
80129
30931
55331
88876
78652
81997
44346
31652
97390
84105
51646
73632
22774
67720
94677
15291
97553
13036
66370
47010
14579
71383
36373
80180
30591
90029
99057
96879
30934
40909
83174
99020
11420
52834
29417
23216
61489
69615
64767
28368
29166
88181
92376
56924
16465
29356
54993
18295
82237
78347
31212
36998
72196
10596
40421
10375
53059
33476
88721
82358
45486
61135
25501
12221
98976
83483
24673
36211
65135
64780
80301
45462
67491
79555
58586
52960
49575
65496
66682
93266
30310
21871
53042
22862
78193
87258
76615
88433
11880
27516
90874
95239
35641
93150
23926
68954
67708
54348
32006
89793
47625
42304
48069
44492
18981
13501
64868
38280
40480
76161
53440
99706
22102
23433
70986
49356
25792
87046
44220
19076
66811
90099
33595
19173
12964